# Step Time(LJ) WallX WallVx NLeft NRight
0 0 0 0 100 0
1000 0.1 0 0 65 0
2000 0.2 0 0 55 0
3000 0.3 0 0 65 2
4000 0.4 0 0 68 2
5000 0.5 0 0 65 4
6000 0.6 0 0 58 5
7000 0.7 0 0 57 6
8000 0.8 0 0 57 9
9000 0.9 0 0 51 14
10000 1 0 0 54 16
11000 1.1 0 0 58 15
12000 1.2 0 0 50 16
13000 1.3 0 0 45 19
14000 1.4 0 0 40 24
15000 1.5 0 0 42 27
16000 1.6 0 0 42 29
17000 1.7 0 0 46 28
18000 1.8 0 0 48 28
19000 1.9 0 0 50 28
20000 2 0 0 43 29
21000 2.1 0 0 41 28
22000 2.2 0 0 36 30
23000 2.3 0 0 37 29
24000 2.4 0 0 39 28
25000 2.5 0 0 43 31
26000 2.6 0 0 35 34
27000 2.7 0 0 36 30
28000 2.8 0 0 33 26
29000 2.9 0 0 34 28
30000 3 0 0 40 26
31000 3.1 0 0 44 26
32000 3.2 0 0 45 26
33000 3.3 0 0 48 22
34000 3.4 0 0 44 21
35000 3.5 0 0 46 25
36000 3.6 0 0 41 30
37000 3.7 0 0 42 27
38000 3.8 0 0 39 27
39000 3.9 0 0 36 26
40000 4 0 0 35 28
41000 4.1 0 0 39 29
42000 4.2 0 0 37 26
43000 4.3 0 0 41 24
44000 4.4 0 0 44 25
45000 4.5 0 0 47 28
46000 4.6 0 0 45 29
47000 4.7 0 0 43 28
48000 4.8 0 0 45 25
49000 4.9 0 0 45 25
50000 5 0 0 42 23
50000 5 0 0 42 23
51000 5.1 0.000997623129628094 0.0141180991740152 36 27
52000 5.2 0.00240943304702968 0.0141180991740152 38 30
53000 5.3 0.00256368724158327 -0.0162381243755823 36 30
54000 5.4 0.00138586611761234 0.0046531444350828 39 27
55000 5.5 0.00377594285198165 0.0588486381213758 39 30
56000 5.6 0.000449034620333826 -0.162169536554321 39 28
57000 5.7 -0.0157679190350981 -0.162169536554321 39 28
58000 5.8 -0.03198487269053 -0.162169536554321 36 29
59000 5.9 -0.04778194643692 -0.15190110425319 37 30
60000 6 -0.0630867621446796 -0.165152838564391 40 32
61000 6.1 -0.0818602783548057 -0.190867393248714 41 31
62000 6.2 -0.0996586723606636 -0.16885349747534 37 31
63000 6.3 -0.118534616422201 -0.192785200822587 39 30
64000 6.4 -0.138906359717969 -0.260802949851333 40 30
65000 6.5 -0.164986332007422 -0.260799700400509 40 31
66000 6.6 -0.184442786658853 -0.0183808151289936 39 36
67000 6.7 -0.190656277977993 -0.0998904033455544 39 30
68000 6.8 -0.201122155223326 -0.114584745943855 41 31
69000 6.9 -0.212888197308103 -0.117989453590196 36 29
70000 7 -0.224966293825163 -0.126752150670674 38 26
71000 7.1 -0.237328542143377 -0.103031107976019 36 26
72000 7.2 -0.247433637358329 -0.100951251787356 38 28
73000 7.3 -0.254352701614303 -0.00520176228130604 42 31
74000 7.4 -0.25487287784245 -0.00520176228130604 44 29
75000 7.5 -0.254879241774105 0.050357352760093 40 25
76000 7.6 -0.247038611583048 0.087435156396375 38 32
77000 7.7 -0.234380598632519 0.156103146175523 37 36
78000 7.8 -0.228189917372846 -0.0134558517559211 39 33
79000 7.9 -0.230009826941518 0.00787999790820311 40 31
80000 8 -0.220604668402052 0.104034426232314 36 31
81000 8.1 -0.210473737664166 0.100827531917999 39 31
82000 8.2 -0.200390984472357 0.100827531917999 36 30
83000 8.3 -0.190307411881607 0.101318419309866 37 32
84000 8.4 -0.160092635688582 0.303067570519876 37 35
85000 8.5 -0.131011039700284 0.298317493474613 35 39
86000 8.6 -0.0973243907369123 0.417897713541018 33 35
87000 8.7 -0.0561231928532488 0.411964016205189 34 36
88000 8.8 -0.0149267912327284 0.411964016205189 36 36
89000 8.9 0.0262955962486007 0.414879305797828 34 34
90000 9 0.0681602872133625 0.418959538835091 35 34
91000 9.1 0.110556698115159 0.487321749226632 35 32
92000 9.2 0.160442935645871 0.499301086954537 33 34
93000 9.3 0.210373044009504 0.499300172981655 30 39
94000 9.4 0.252075251517816 0.408582963872513 32 42
95000 9.5 0.292972268112341 0.411283167156155 36 42
96000 9.6 0.333316208557221 0.313530117105449 36 37
97000 9.7 0.362860630159278 0.293993636305437 34 34
98000 9.8 0.392118082860841 0.291639372105887 31 35
99000 9.9 0.421271846141679 0.291420235168473 31 32
100000 10 0.46492071191235 0.446098874983568 28 33
101000 10.1 0.510806675229077 0.469819075384149 32 34
102000 10.2 0.558157025990913 0.524455674711874 27 40
103000 10.3 0.61181015772899 0.527512091272765 26 34
104000 10.4 0.664550766851001 0.527558188533572 29 31
105000 10.5 0.718383490332979 0.546069373042185 30 34
106000 10.6 0.77299042763717 0.546069373042185 38 37
107000 10.7 0.826540447847891 0.529609575826603 39 32
108000 10.8 0.879501405430562 0.529609575826603 39 31
109000 10.9 0.932116933554563 0.517817812187285 38 33
110000 11 0.997548068010264 0.707478917816909 41 36
111000 11.1 1.0682959597919 0.707478917816909 42 29
112000 11.2 1.13906093997607 0.713178665005638 39 25
113000 11.3 1.22497518127661 0.875923633076336 40 31
114000 11.4 1.31182457331852 0.827395178952285 41 33
115000 11.5 1.39443890666165 0.831688225582556 43 31
116000 11.6 1.47780601780637 0.839260973472849 39 28
117000 11.7 1.5411590678814 0.529842766027611 35 27
118000 11.8 1.59414334448423 0.529842766027611 39 26
119000 11.9 1.64712762108706 0.529842766027611 41 27
120000 12 1.69948447854748 0.519321167523351 41 28
121000 12.1 1.74499172105661 0.427791740327649 37 30
122000 12.2 1.787772387023 0.428092699023616 35 27
123000 12.3 1.82497633204944 0.299091434856773 36 34
124000 12.4 1.85914384384942 0.3392365463188 40 34
125000 12.5 1.89306749848126 0.3392365463188 41 27
126000 12.6 1.9269911531131 0.3392365463188 40 29
127000 12.7 1.96091480774494 0.3392365463188 35 26
128000 12.8 1.99483846237678 0.3392365463188 33 28
129000 12.9 2.02875281587826 0.338965497862976 39 33
130000 13 2.06264950336951 0.339017029040479 36 35
131000 13.1 2.09668496665854 0.339551757346695 39 33
132000 13.2 2.13449805203209 0.512323331712352 37 31
133000 13.3 2.1858272541359 0.513321839256824 42 32
134000 13.4 2.23715943806162 0.513321839256824 42 33
135000 13.5 2.28279505620425 0.403169841052798 40 33
136000 13.6 2.3231120403097 0.403169841052798 38 34
137000 13.7 2.36360854609318 0.405746790193292 41 36
138000 13.8 2.40419278885636 0.407371298020653 35 39
139000 13.9 2.45150649385799 0.529481968211331 30 37
140000 14 2.5044912447455 0.529861333651566 36 30
141000 14.1 2.55749158969625 0.534389895298503 36 35
142000 14.2 2.62546355019237 0.689462161519758 32 39
143000 14.3 2.69220110071891 0.587237919456167 32 40
144000 14.4 2.75083411025723 0.576744481822926 32 35
145000 14.5 2.80418188565864 0.544981289848064 34 37
146000 14.6 2.87232779090855 0.729923870985237 35 38
147000 14.7 2.94532017800712 0.729923870985237 34 35
148000 14.8 3.01831256510569 0.729923870985237 31 36
149000 14.9 3.09130379579647 0.730017642773869 32 34
150000 15 3.17067514395038 0.819807792868775 32 35
151000 15.1 3.25265592323727 0.819807792868775 35 36
152000 15.2 3.33463671005133 0.819814129455001 31 32
153000 15.3 3.41711654309257 0.829823661921469 34 38
154000 15.4 3.50246678333585 0.863537784923986 30 39
155000 15.5 3.58932202920234 0.874076068559453 31 39
156000 15.6 3.66893323116543 0.773519789526684 32 37
157000 15.7 3.74683837259346 0.792604281808448 31 29
158000 15.8 3.82624497344057 0.79365580974037 33 32
159000 15.9 3.90561055441445 0.79365580974037 39 34
160000 16 3.9864982185292 0.825483389640936 41 30
161000 16.1 4.0690465574935 0.825483389640936 37 30
162000 16.2 4.15433944945812 0.948346153948872 36 31
163000 16.3 4.24925671084765 0.949704793777491 35 29
164000 16.4 4.34471329785357 0.927939080888571 40 26
165000 16.5 4.43667681700446 0.918520701551524 39 30
166000 16.6 4.52852887883354 0.918520617967886 37 32
167000 16.7 4.61097313433214 0.688426443807006 37 30
168000 16.8 4.67617028516633 0.615500939987026 36 35
169000 16.9 4.73772018528203 0.615428376935902 38 35
170000 17 4.79829184910419 0.601367476075871 37 35
171000 17.1 4.85836485367551 0.59121763176773 36 31
172000 17.2 4.91397652748415 0.500298581105593 38 33
173000 17.3 4.9639886336239 0.501607678360704 33 32
174000 17.4 5.01781676406755 0.547650529109555 34 33
175000 17.5 5.08244147932457 0.720910184811663 36 36
176000 17.6 5.15453249780561 0.720910184811663 34 34
177000 17.7 5.23445363855477 0.759724789222405 36 32
178000 17.8 5.31036266252551 0.759075898257541 33 30
179000 17.9 5.38112287413604 0.684426070835412 33 29
180000 18 5.4495654812192 0.684426070835412 37 30
181000 18.1 5.51800808830237 0.684426070835412 38 32
182000 18.2 5.59721626079898 1.00742761112687 35 33
183000 18.3 5.69566487424447 0.963139275383523 33 32
184000 18.4 5.79409925504237 1.02315778644097 31 31
185000 18.5 5.89644182945337 1.02372231716786 30 30
186000 18.6 5.9988232491129 1.02382591169525 35 34
187000 18.7 6.09670355860578 0.944137068946396 41 34
188000 18.8 6.19119935572767 0.945076067383305 37 32
189000 18.9 6.28570696246635 0.945076067383305 42 33
190000 19 6.3759463802666 0.867672213836142 37 33
191000 19.1 6.46984279509177 0.964899164155583 32 32
192000 19.2 6.56612051886786 0.962519813345065 34 31
193000 19.3 6.66237203254556 0.962456135506061 39 33
194000 19.4 6.75117494999376 0.736461674583208 38 31
195000 19.5 6.83110359617579 0.838800612906231 37 30
196000 19.6 6.91498365746635 0.838800612906231 38 29
197000 19.7 6.99886286477648 0.838544992575947 34 31
198000 19.8 7.08132073021418 0.819663811501066 33 31
199000 19.9 7.1709448329025 0.928309421464037 36 31
200000 20 7.2614763593881 0.870934224995657 39 26
201000 20.1 7.34789754059947 0.856785087882917 34 26
202000 20.2 7.43354123727309 0.855911207853297 34 26
203000 20.3 7.52444821718684 0.895257832624113 37 25
204000 20.4 7.61357033686961 0.890249854819588 38 25
205000 20.5 7.70144757612822 0.846699581119339 37 28
206000 20.6 7.78310360626658 0.713241062323828 34 30
207000 20.7 7.8543519469038 0.702114273614294 31 28
208000 20.8 7.91778943908091 0.646806275202791 42 30
209000 20.9 7.98247006660154 0.646806275202791 42 26
210000 21 8.04715096618147 0.646937652874544 45 26
211000 21.1 8.12149103434383 0.776985584304278 37 25
212000 21.2 8.19929906816716 0.780303803884088 38 24
213000 21.3 8.27723723756369 0.771452483316943 41 26
214000 21.4 8.35441885060474 0.771376437613523 41 27
215000 21.5 8.43103360094627 0.764740350699772 41 28
216000 21.6 8.51048659888606 0.760835636092155 40 28
217000 21.7 8.58646531698722 0.759764990595778 39 27
218000 21.8 8.65569866253199 0.634402073918987 41 26
219000 21.9 8.71890011477741 0.63187193823675 44 29
220000 22 8.78208730860134 0.63187193823675 40 26
221000 22.1 8.84531221482353 0.637795414988397 39 32
222000 22.2 8.89869012900559 0.445720400921977 38 37
223000 22.3 8.94326216909815 0.445720400921977 34 35
224000 22.4 8.9878342063179 0.445719047563401 30 30
225000 22.5 9.0373146089596 0.59604474494333 30 36
226000 22.6 9.09691908345343 0.59604474494333 33 34
227000 22.7 9.15652355794725 0.59604474494333 36 36
228000 22.8 9.21617684020164 0.599832485112793 38 31
229000 22.9 9.24954510213636 0.203420611718594 34 32
230000 23 9.26988716330788 0.203420611718594 37 25
231000 23.1 9.2902292244794 0.203420611718594 35 36
232000 23.2 9.32323996182251 0.411915827161079 34 39
233000 23.3 9.35702906282227 0.242874698831771 33 39
234000 23.4 9.37506404448786 -0.00210142243945927 31 40
235000 23.5 9.37491570347825 0.0151231858831094 29 41
236000 23.6 9.38856508036101 0.179601717085162 31 37
237000 23.7 9.39946117562382 0.0533324611495013 28 36
238000 23.8 9.40480946810706 0.057623132289021 30 36
239000 23.9 9.41394927095811 0.0545120281472081 30 34
240000 24 9.41789897627168 0.0388661533366985 31 38
241000 24.1 9.4145096214234 -0.141879596220884 29 37
242000 24.2 9.40039006149322 -0.133330985045927 29 38
243000 24.3 9.38767561584867 -0.126566712163119 33 38
244000 24.4 9.37501878047004 -0.126572176361427 39 35
245000 24.5 9.36225818573483 -0.143584928153731 34 38
246000 24.6 9.34136338215314 -0.213652679775017 33 34
247000 24.7 9.32040744538753 -0.208843707907567 36 32
248000 24.8 9.29950084649703 -0.210840303693168 36 35
249000 24.9 9.2783141570393 -0.211946177149084 38 35
250000 25 9.25706257051135 -0.210681430802376 33 35
251000 25.1 9.2377122148206 -0.187457309236884 35 33
252000 25.2 9.21888946853407 -0.209662249766007 41 29
253000 25.3 9.19793239439726 -0.157823710708881 40 27
254000 25.4 9.19071783521359 -0.054492589683513 32 30
255000 25.5 9.18526857624598 -0.054492589683513 29 36
256000 25.6 9.17977480602919 -0.063462687035445 34 33
257000 25.7 9.1757868036427 0.061893170134184 32 35
258000 25.8 9.182160795035 0.0638151495588787 35 34
259000 25.9 9.18854230999058 0.0638151495588787 41 30
260000 26 9.1945313785288 0.0028305029643906 40 29
261000 26.1 9.19587760737776 -0.0586417846411354 36 35
262000 26.2 9.19400886468519 0.0359495783751881 35 36
263000 26.3 9.19760554602467 0.0366102612479988 36 35
264000 26.4 9.21374991625031 0.214760682986235 37 32
265000 26.5 9.24412133363182 0.310480201180135 38 29
266000 26.6 9.27516935374937 0.310480201180135 35 28
267000 26.7 9.30683328768806 0.325379106442651 34 32
268000 26.8 9.33937069206504 0.325373940270569 38 32
269000 26.9 9.37190804614684 0.325344821719113 40 32
270000 27 9.39548979685601 0.204489216521959 34 32
271000 27.1 9.41593871850888 0.204489216521959 37 33
272000 27.2 9.43795152531378 0.335232647505842 35 28
273000 27.3 9.47060882647049 0.324958574207619 33 31
274000 27.4 9.50310468389054 0.324958574207619 34 30
275000 27.5 9.53560043102169 0.324931968703205 40 32
276000 27.6 9.56836355523819 0.331763629603091 39 33
277000 27.7 9.60154318325018 0.331779701041906 39 30
278000 27.8 9.63440392324757 0.320309048417436 39 28
279000 27.9 9.66631582023242 0.490719703818344 38 25
280000 28 9.71553846621362 0.40208346643439 38 28
281000 28.1 9.75570287515527 0.396475004894572 36 31
282000 28.2 9.78997794758703 0.29778895921657 35 31
283000 28.3 9.81415184706069 0.236445823281585 37 33
284000 28.4 9.83780558101476 0.238410999945044 39 37
285000 28.5 9.85757105052917 0.171649027353753 36 39
286000 28.6 9.88174610202566 0.35124913145665 35 36
287000 28.7 9.91687101517083 0.35124913145665 39 31
288000 28.8 9.951995928316 0.35124913145665 39 34
289000 28.9 9.97976414763368 0.185987990323646 37 35
290000 29 9.9983842546897 0.187223091602325 36 32
291000 29.1 10.0176439717917 0.219844303184423 38 25
292000 29.2 10.0389200879481 0.197227636489996 42 25
293000 29.3 10.0586428515979 0.197227636489996 36 30
294000 29.4 10.0783656152477 0.197227636489996 37 37
295000 29.5 10.0980020286567 0.196169013759847 40 34
296000 29.6 10.1176734150614 0.196758503391955 41 28
297000 29.7 10.133375574921 0.0267501657634902 39 31
298000 29.8 10.132997687327 -0.0305695305492292 41 30
299000 29.9 10.1299297998756 -0.0343538487944848 41 33
300000 30 10.1137889919339 -0.166694013784209 40 31
301000 30.1 10.1048604435615 -0.0810225306335535 40 35
302000 30.2 10.096758446876 -0.0809562074737868 40 34
303000 30.3 10.0861495315449 -0.132726178950697 32 36
304000 30.4 10.0633152436505 -0.220499991149097 35 36
305000 30.5 10.0430355689504 -0.19809270637906 39 35
306000 30.6 10.0232262983124 -0.19809270637906 35 38
307000 30.7 10.0048938909849 -0.165578795876275 38 36
308000 30.8 9.98833601139654 -0.165578795876275 40 35
309000 30.9 9.97177813180823 -0.165578795876275 36 36
310000 31 9.95522025221991 -0.165578795876275 36 35
311000 31.1 9.93866237263159 -0.165578795876275 31 39
312000 31.2 9.92210449304327 -0.165578795876275 30 40
313000 31.3 9.90555007952253 -0.165129184539799 28 40
314000 31.4 9.89358412859501 0.0175006798741597 29 40
315000 31.5 9.87565971385015 -0.223663222155143 28 38
316000 31.6 9.84834065935339 -0.304961351886411 32 40
317000 31.7 9.81373877890088 -0.351905941390507 28 40
318000 31.8 9.77954610376707 -0.337694427233979 31 39
319000 31.9 9.74577666104403 -0.337694427233979 30 38
320000 32 9.71190634996332 -0.296102993679236 27 37
321000 32.1 9.69296121309855 -0.188733289381082 31 34
322000 32.2 9.67757458909398 -0.073484611168269 34 36
323000 32.3 9.66587550384732 -0.143250726275871 38 37
324000 32.4 9.65155043122054 -0.143250726275871 39 37
325000 32.5 9.64081349936404 -0.0702919021933856 38 35
326000 32.6 9.63378430914393 -0.0702919021933856 34 29
327000 32.7 9.62675511892382 -0.0702919021933856 35 30
328000 32.8 9.61972592870371 -0.0702919021933856 36 32
329000 32.9 9.60893827788432 -0.160405601991317 36 38
330000 33 9.59352997788114 -0.151417087576121 35 35
331000 33.1 9.57771324758646 -0.163448088340601 33 34
332000 33.2 9.56136843875207 -0.163448088340601 36 32
333000 33.3 9.5451107466661 -0.156730925016445 36 32
334000 33.4 9.53041970368969 -0.146931530337671 35 36
335000 33.5 9.51449574629649 -0.14864227116039 38 33
336000 33.6 9.50601125762307 -0.0765638908036568 35 29
337000 33.7 9.498354868543 -0.0765638908036568 37 31
338000 33.8 9.49170054181464 0.0126280790518111 35 30
339000 33.9 9.48840708324414 -0.0810616006043024 37 31
340000 34 9.47873825164608 -0.0987921005826978 38 31
341000 34.1 9.46885904158806 -0.0987921005826978 39 29
342000 34.2 9.45897983153005 -0.0987921005826978 41 30
343000 34.3 9.4491614523542 -0.0929843967536814 42 33
344000 34.4 9.44257292055738 -0.0597889611093377 37 34
345000 34.5 9.43659402444673 -0.0597889611093377 35 33
346000 34.6 9.43927279779893 0.085346953986833 36 37
347000 34.7 9.44780711997883 0.0853432018256682 38 38
348000 34.8 9.45634144016093 0.0853432018256682 39 34
349000 34.9 9.46487576034304 0.0853432018256682 34 32
350000 35 9.47340254574353 0.0850336152486871 31 32
351000 35.1 9.48219896434249 0.094101122429936 33 32
352000 35.2 9.48768627823899 0.0212205806553307 33 36
353000 35.3 9.49076922088734 0.0521055083979072 33 40
354000 35.4 9.4947574063682 0.0302162465461847 31 35
355000 35.5 9.49777903102358 0.0302162465461847 36 30
356000 35.6 9.5008023641858 0.0311354486015479 30 31
357000 35.7 9.51638841541357 0.168963250846737 32 37
358000 35.8 9.53328474049752 0.168963250846737 31 37
359000 35.9 9.55018203154525 0.169024772264582 33 40
360000 36 9.56577496912122 0.213742424699841 31 39
361000 36.1 9.59013800413875 0.274494619520806 32 40
362000 36.2 9.62138127519525 0.315816718816703 33 42
363000 36.3 9.65302238347136 0.323444456259613 31 35
364000 36.4 9.69483557709229 0.477337124931692 34 35
365000 36.5 9.74256928958607 0.477337124931692 33 33
366000 36.6 9.79030300207985 0.477337124931692 35 29
367000 36.7 9.83796064191793 0.474300613099598 38 32
368000 36.8 9.88538159354735 0.474206221190043 35 34
369000 36.9 9.93280221566617 0.474206221190043 37 28
370000 37 9.98022283778499 0.474206221190043 40 32
371000 37.1 10.0276434599038 0.474206221190043 40 29
372000 37.2 10.07487360462 0.457162356744188 39 31
373000 37.3 10.120436251448 0.455562397197225 37 34
374000 37.4 10.1659889363256 0.454000051689409 38 29
375000 37.5 10.1982726975754 0.305169316962982 34 31
376000 37.6 10.2310027684785 0.335795206876159 39 30
377000 37.7 10.267436361363 0.491482900923007 37 30
378000 37.8 10.3276180709142 0.659629353925411 38 30
379000 37.9 10.3935810063072 0.659629353925411 36 29
380000 38 10.4591007061695 0.639346383554439 37 32
381000 38.1 10.5242468489813 0.606967631881116 39 30
382000 38.2 10.5849144172946 0.606665774976569 40 30
383000 38.3 10.6455542836999 0.603372127657567 39 27
384000 38.4 10.7039013398274 0.578202657849585 41 30
385000 38.5 10.7661580492651 0.637140374979005 36 36
386000 38.6 10.8298720867635 0.637140374979005 33 35
387000 38.7 10.8935861242619 0.637140374979005 36 34
388000 38.8 10.9546127951552 0.546748340620605 37 32
389000 38.9 11.0092861685033 0.54673358888003 36 35
390000 39 11.0639593412722 0.546653496862796 36 37
391000 39.1 11.1125401583175 0.453460715287799 36 38
392000 39.2 11.1579529814605 0.452074779073292 31 40
393000 39.3 11.2089840862373 0.599744119911746 30 35
394000 39.4 11.2688647049399 0.598672740961072 31 34
395000 39.5 11.3205922212645 0.379566546071079 31 39
396000 39.6 11.3585352050847 0.377764920425544 31 41
397000 39.7 11.3960885848545 0.374671821191639 31 37
398000 39.8 11.4336883117123 0.376725988900279 31 35
399000 39.9 11.4709390904704 0.465815495287551 28 36
400000 40 11.5158864859323 0.447693549220834 27 35
401000 40.1 11.5595357205369 0.431807747638515 27 35
402000 40.2 11.601312128965 0.40414944068505 25 40
403000 40.3 11.6382513344603 0.359110139361591 30 45
404000 40.4 11.6746716907962 0.370244977434186 28 42
405000 40.5 11.6990522708412 0.226216557961086 34 37
406000 40.6 11.7222065987958 0.232276414920039 34 42
407000 40.7 11.7454342402878 0.232276414920039 27 40
408000 40.8 11.7699995944291 0.275804430886775 27 41
409000 40.9 11.8218834090217 0.598843846214947 31 42
410000 41 11.8798205502535 0.366268596506832 32 42
411000 41.1 11.9190712751677 0.394523825590873 30 41
412000 41.2 11.9573875298409 0.37980000029012 30 38
413000 41.3 11.9945484894375 0.347571895093859 32 36
414000 41.4 12.0288571344276 0.314505833431725 30 38
415000 41.5 12.0614308113254 0.369453033139656 35 37
416000 41.6 12.0912098046515 0.345483282832973 36 37
417000 41.7 12.1260718386645 0.348249248668589 36 36
418000 41.8 12.1612404642053 0.353172145668304 32 37
419000 41.9 12.1918638086661 0.239219347264508 33 36
420000 42 12.2157857433925 0.239219347264508 32 31
421000 42.1 12.235149923346 0.0764333926262363 40 26
422000 42.2 12.2427929983887 0.0764307385250589 38 30
423000 42.3 12.2504360722407 0.0764307385250589 42 32
424000 42.4 12.2582651860728 0.0808314853965379 40 32
425000 42.5 12.2666673264256 0.0851075128456388 34 32
426000 42.6 12.2751780777098 0.0851075128456388 32 32
427000 42.7 12.2840974341117 0.164626926508145 31 33
428000 42.8 12.3040269731252 0.200654541447232 36 35
429000 42.9 12.3198393264132 0.122089596113237 36 38
430000 43 12.3320482860253 0.122089596113237 35 35
431000 43.1 12.3493038741333 0.298240140571416 31 37
432000 43.2 12.3684068932725 0.153043058336224 33 37
433000 43.3 12.3837111991058 0.153043058336224 35 37
434000 43.4 12.3962630689112 0.0647130785509613 34 39
435000 43.5 12.4027292898547 0.0647019610817604 33 36
436000 43.6 12.4091994859634 0.0647019610817604 32 32
437000 43.7 12.4156719905784 0.0651606097214554 30 33
438000 43.8 12.421668201097 0.0575873944367533 30 35
439000 43.9 12.4274268364413 0.0575370379702306 30 37
440000 44 12.4328694678484 0.0535083266110119 28 41
441000 44.1 12.4382203005089 0.0535083266110119 24 43
442000 44.2 12.4433446695511 0.0427835614175916 23 43
443000 44.3 12.4500484355906 0.178319997058477 29 46
444000 44.4 12.4733055211709 0.289617014981478 27 42
445000 44.5 12.5025161795651 0.303541715682639 27 40
446000 44.6 12.5303931007439 0.203449188393068 29 40
447000 44.7 12.5507379596488 0.203424876519315 29 42
448000 44.8 12.5645568817123 0.115415774024099 29 42
449000 44.9 12.5760984591146 0.115415774024099 28 45
450000 45 12.5936580720149 0.209989045684237 29 43
451000 45.1 12.6146569765838 0.209989045684237 29 40
452000 45.2 12.6383037446777 0.288812315708679 29 42
453000 45.3 12.6671876981277 0.288840103276721 33 40
454000 45.4 12.6874660083318 0.255574868864788 33 42
455000 45.5 12.7097305347042 0.218806267128002 31 43
456000 45.6 12.7314290519628 0.216610351466443 31 38
457000 45.7 12.7530780327158 0.215869726699944 30 38
458000 45.8 12.7738125096275 0.182667841022378 27 38
459000 45.9 12.7920196695279 0.181893735890275 25 38
460000 46 12.8165879971453 0.357215661430928 27 38
461000 46.1 12.8523095632877 0.357215661430928 30 38
462000 46.2 12.888030241905 0.356941890769063 30 33
463000 46.3 12.9190456308401 0.296667369907013 29 34
464000 46.4 12.948357314637 0.291148161386543 29 35
465000 46.5 12.9774721307754 0.291148161386543 32 34
466000 46.6 13.0082267092419 0.324709183863868 33 33
467000 46.7 13.0270034546949 0.147407744490694 35 36
468000 46.8 13.0417442418396 0.147407871980116 35 32
469000 46.9 13.0564850290385 0.147407871980116 32 29
470000 47 13.0712258162373 0.147407871980116 32 33
471000 47.1 13.0859667251759 0.1474379368464 32 35
472000 47.2 13.0993848052754 0.12273697990739 36 37
473000 47.3 13.1116619892756 0.124377497848024 34 36
474000 47.4 13.1357084341962 0.252704376036032 36 32
475000 47.5 13.1609900372341 0.252822904906286 34 33
476000 47.6 13.1862723277246 0.252822904906286 33 37
477000 47.7 13.2170613066137 0.474861341658815 37 34
478000 47.8 13.2645245842796 0.474609265945868 33 30
479000 47.9 13.3075526741036 0.342152463208652 30 33
480000 48 13.3417600221345 0.34205119822909 29 34
481000 48.1 13.3791184949299 0.393496224233855 36 33
482000 48.2 13.4185187475801 0.394060346546775 40 32
483000 48.3 13.4579247822341 0.394060346546775 34 32
484000 48.4 13.496282969864 0.313925615089867 32 34
485000 48.5 13.5272353390882 0.309348385455135 29 39
486000 48.6 13.5581664117594 0.30827326711703 33 39
487000 48.7 13.5818996019614 0.2192562044704 36 36
488000 48.8 13.6038252224078 0.2192562044704 32 34
489000 48.9 13.6286815825645 0.288789270391181 30 38
490000 49 13.6571053871391 0.257058171488168 31 33
491000 49.1 13.6819183524525 0.247309550358084 34 37
492000 49.2 13.7066461538827 0.247053042912006 33 37
493000 49.3 13.7426536413282 0.401061645737031 30 39
494000 49.4 13.7856940580386 0.446746769344551 29 40
495000 49.5 13.8303687349724 0.446746769344551 28 37
496000 49.6 13.8750434104188 0.446744239812023 31 37
497000 49.7 13.9168613784042 0.393158911400454 28 40
498000 49.8 13.9427432211469 0.23515011324072 25 40
499000 49.9 13.9668190161983 0.244457433426908 26 43
500000 50 13.9912647595408 0.244457433426908 26 46
501000 50.1 14.0182050380585 0.332194666337276 29 42
502000 50.2 14.0595785422712 0.475203264453642 32 46
503000 50.3 14.0977993742136 0.370466623671657 27 48
504000 50.4 14.1272890142198 0.279017586012157 30 45
505000 50.5 14.1557640562535 0.337982701955687 27 39
506000 50.6 14.1958245874251 0.402736225817099 21 42
507000 50.7 14.2391708927781 0.506468851700088 21 41
508000 50.8 14.2898275593916 0.506568940606325 30 41
509000 50.9 14.3414651702709 0.530557443468238 34 39
510000 51 14.3945209146182 0.530557443468238 30 36
511000 51.1 14.4446718765173 0.481787372609504 31 35
512000 51.2 14.495823817942 0.604550034849101 31 36
513000 51.3 14.5562958224963 0.604723962711913 26 35
514000 51.4 14.6167682187672 0.604723962711913 27 36
515000 51.5 14.6772406995177 0.604746970740367 29 39
516000 51.6 14.7378911615095 0.607240285048114 31 42
517000 51.7 14.798608732861 0.605572636175439 31 40
518000 51.8 14.8496899847516 0.496705117518808 30 44
519000 51.9 14.8999379484486 0.555351358335602 30 42
520000 52 14.9516139761272 0.447569452001394 32 37
521000 52.1 14.9963709213279 0.447569452001394 31 36
522000 52.2 15.0411278665285 0.447569452001394 35 36
523000 52.3 15.0858848117292 0.447569452001394 33 36
524000 52.4 15.1306417569299 0.447569452001394 30 38
525000 52.5 15.1755584473642 0.451440677811287 32 39
526000 52.6 15.2196273512379 0.413856712366485 30 41
527000 52.7 15.2558314593894 0.339032037208616 27 41
528000 52.8 15.2897579250412 0.339377587282502 26 39
529000 52.9 15.3254351067833 0.392255236633937 27 38
530000 53 15.3752201490419 0.515115323784015 29 40
531000 53.1 15.4387304280972 0.67968131182523 29 42
532000 53.2 15.5066985592791 0.67968131182523 28 43
533000 53.3 15.574671436175 0.680051596760906 27 37
534000 53.4 15.6428596003993 0.682221140163578 29 39
535000 53.5 15.716132564148 0.740618116262127 29 41
536000 53.6 15.7956499019472 0.807557280163799 32 36
537000 53.7 15.876405629963 0.807557280163799 31 39
538000 53.8 15.9571648111053 0.80828419546642 24 39
539000 53.9 16.0404956561313 0.842351060691206 24 43
540000 54 16.1247307622004 0.842351060691206 27 40
541000 54.1 16.2089658682694 0.842351060691206 23 42
542000 54.2 16.2932009743384 0.842351060691206 24 45
543000 54.3 16.3734845776449 0.682773783368936 28 45
544000 54.4 16.4417077348 0.681532655400171 28 46
545000 54.5 16.5098610003413 0.681532655400171 31 41
546000 54.6 16.5780142658826 0.681532655400171 30 42
547000 54.7 16.64604013182 0.679972904520134 31 40
548000 54.8 16.7138644196269 0.617253305545619 34 40
549000 54.9 16.7741534582916 0.644948801462264 37 39
550000 55 16.847962220154 0.905226128069098 36 40
551000 55.1 16.9384881812068 0.905276234606057 32 43
552000 55.2 17.0290158046666 0.905276234606057 30 40
553000 55.3 17.1189551859023 0.782704965305139 32 35
554000 55.4 17.1994043508215 0.821811583593227 34 35
555000 55.5 17.2845113963646 0.860138518715815 26 33
556000 55.6 17.366806128986 0.758784006373814 29 34
557000 55.7 17.44268331642 0.758771737980396 34 34
558000 55.8 17.5185604902192 0.758771737980396 36 38
559000 55.9 17.5944376640184 0.758771737980396 34 33
560000 56 17.6705680582586 0.768348654670334 37 35
561000 56.1 17.7478342313977 0.775864361053611 36 38
562000 56.2 17.8258578594676 0.781252665805525 35 34
563000 56.3 17.90342922976 0.766812252703936 32 33
564000 56.4 17.9870543327183 0.872777354520433 34 32
565000 56.5 18.0743325738866 0.873344059931017 32 37
566000 56.6 18.1617324834582 0.874045677089078 31 38
567000 56.7 18.2491370511662 0.874045677089078 34 35
568000 56.8 18.3365416188741 0.874045677089078 37 32
569000 56.9 18.4310417272171 0.994606772050817 36 32
570000 57 18.5305876820868 0.997666566676326 32 32
571000 57.1 18.6304179201145 0.998396528835667 32 31
572000 57.2 18.7271672919101 0.918739295939853 38 36
573000 57.3 18.8145882531148 0.829674576045904 37 36
574000 57.4 18.8961453034984 0.714849473917727 31 32
575000 57.5 18.9604754986846 0.56565050683978 35 35
576000 57.6 19.0165014920503 0.548622500557253 38 37
577000 57.7 19.0681548252077 0.458829079281564 39 38
578000 57.8 19.1082129334708 0.395254068951883 37 33
579000 57.9 19.1482161725473 0.401575847845897 38 35
580000 58 19.1718127014518 0.0517417662537898 35 33
581000 58.1 19.1769868780767 0.0517417662537898 30 35
582000 58.2 19.1897517919822 0.338448036680954 33 39
583000 58.3 19.2236001732015 0.339535690460321 34 34
584000 58.4 19.2659121171538 0.43732453262567 36 34
585000 58.5 19.3096445704179 0.43732453262567 29 36
586000 58.6 19.3533770236819 0.43732453262567 26 37
587000 58.7 19.3982592867386 0.479792874220606 31 41
588000 58.8 19.4479432050516 0.52416042887699 31 30
589000 58.9 19.500359247939 0.52416042887699 37 27
590000 59 19.5514151067519 0.468931596665157 36 33
591000 59.1 19.5982810795118 0.468649748806908 36 35
592000 59.2 19.6450846613006 0.458852188815702 35 36
593000 59.3 19.6908503966992 0.457659388037881 34 32
594000 59.4 19.7413977336771 0.515186903626666 38 29
595000 59.5 19.7929164388585 0.515201892256718 38 28
596000 59.6 19.8530832260162 0.61695575912946 38 32
597000 59.7 19.916665103258 0.720847956777442 38 34
598000 59.8 19.9887574756642 0.720924824193839 35 32
599000 59.9 0 0 35 28
600000 60 0 0 38 28
